1.397771e-02	0.014770
2.795543e-02	0.018968
4.193314e-02	0.022752
5.591086e-02	0.026246
6.988858e-02	0.029523
8.386629e-02	0.032628
9.784401e-02	0.035593
1.118217e-01	0.038439
1.257994e-01	0.041183
1.397772e-01	0.043839
1.537549e-01	0.046417
1.677326e-01	0.048926
1.817103e-01	0.051372
1.956880e-01	0.053761
2.096657e-01	0.056098
2.236434e-01	0.058387
2.376211e-01	0.060633
2.515988e-01	0.062838
2.655765e-01	0.065005
2.795543e-01	0.067136
2.935320e-01	0.069234
3.075097e-01	0.071301
3.214874e-01	0.073339
3.354651e-01	0.075349
3.494428e-01	0.077332
3.634205e-01	0.079290
3.773982e-01	0.081225
3.913759e-01	0.083136
4.053536e-01	0.085027
4.193313e-01	0.086896
4.333091e-01	0.088746
4.472868e-01	0.090576
4.612645e-01	0.092389
4.752422e-01	0.094184
4.892199e-01	0.095962
5.031976e-01	0.097724
5.171753e-01	0.099470
5.311530e-01	0.101201
5.451307e-01	0.102918
5.591084e-01	0.104620
5.730862e-01	0.106309
5.870639e-01	0.107985
6.010416e-01	0.109648
6.150193e-01	0.111298
6.289970e-01	0.112937
6.429747e-01	0.114563
6.569524e-01	0.116179
6.709301e-01	0.117783
6.849078e-01	0.119377
6.988855e-01	0.120960
7.128633e-01	0.122533
7.268410e-01	0.124096
7.408187e-01	0.125650
7.547964e-01	0.127194
7.687741e-01	0.128729
7.827518e-01	0.130255
7.967295e-01	0.131772
8.107072e-01	0.133280
8.246849e-01	0.134781
8.386626e-01	0.136273
8.526403e-01	0.137757
8.666180e-01	0.139233
8.805958e-01	0.140702
8.945735e-01	0.142163
9.085512e-01	0.143617
9.225289e-01	0.145064
9.365066e-01	0.146503
9.504843e-01	0.147936
9.644620e-01	0.149362
9.784397e-01	0.150782
9.924174e-01	0.152195
1.006395e+00	0.153601
1.020373e+00	0.155001
1.034351e+00	0.156396
1.048328e+00	0.157784
1.062306e+00	0.159166
1.076284e+00	0.160543
1.090261e+00	0.161913
1.104239e+00	0.163278
1.118217e+00	0.164638
1.132195e+00	0.165992
1.146172e+00	0.167341
1.160150e+00	0.168685
1.174128e+00	0.170023
1.188105e+00	0.171357
1.202083e+00	0.172685
1.216061e+00	0.174008
1.230038e+00	0.175327
1.244016e+00	0.176641
1.257994e+00	0.177950
1.271972e+00	0.179255
1.285949e+00	0.180555
1.299927e+00	0.181851
1.313905e+00	0.183142
1.327882e+00	0.184429
1.341860e+00	0.185711
1.355838e+00	0.186989
1.369816e+00	0.188264
1.383793e+00	0.189534
1.397771e+00	0.190800
1.411749e+00	0.192062
1.425726e+00	0.193320
1.439704e+00	0.194574
1.453682e+00	0.195825
1.467660e+00	0.197071
1.481637e+00	0.198314
1.495615e+00	0.199553
1.509593e+00	0.200789
1.523570e+00	0.202021
1.537548e+00	0.203250
1.551526e+00	0.204475
1.565503e+00	0.205696
1.579481e+00	0.206914
1.593459e+00	0.208129
1.607437e+00	0.209341
1.621414e+00	0.210549
1.635392e+00	0.211754
1.649370e+00	0.212956
1.663347e+00	0.214154
1.677325e+00	0.215350
1.691303e+00	0.216542
1.705281e+00	0.217732
1.719258e+00	0.218918
1.733236e+00	0.220101
1.747214e+00	0.221282
1.761191e+00	0.222459
1.775169e+00	0.223634
1.789147e+00	0.224806
1.803124e+00	0.225975
1.817102e+00	0.227141
1.831080e+00	0.228305
1.845058e+00	0.229465
1.859035e+00	0.230623
1.873013e+00	0.231779
1.886991e+00	0.232932
1.900968e+00	0.234082
1.914946e+00	0.235229
1.928924e+00	0.236374
1.942902e+00	0.237517
1.956879e+00	0.238657
1.970857e+00	0.239795
1.984835e+00	0.240930
1.998812e+00	0.242063
2.012790e+00	0.243193
2.026768e+00	0.244321
2.040746e+00	0.245446
2.054723e+00	0.246570
2.068701e+00	0.247691
2.082679e+00	0.248810
2.096656e+00	0.249926
2.110634e+00	0.251040
2.124612e+00	0.252152
2.138589e+00	0.253262
2.152567e+00	0.254370
2.166545e+00	0.255476
2.180523e+00	0.256579
2.194500e+00	0.257680
2.208478e+00	0.258780
2.222456e+00	0.259877
2.236433e+00	0.260972
2.250411e+00	0.262065
2.264389e+00	0.263156
2.278367e+00	0.264246
2.292344e+00	0.265333
2.306322e+00	0.266418
2.320300e+00	0.267502
2.334278e+00	0.268583
2.348256e+00	0.269662
2.362234e+00	0.270740
2.376211e+00	0.271816
2.390189e+00	0.272890
2.404167e+00	0.273962
2.418145e+00	0.275033
2.432123e+00	0.276101
2.446101e+00	0.277168
2.460079e+00	0.278233
2.474056e+00	0.279296
2.488034e+00	0.280358
2.502012e+00	0.281418
2.515990e+00	0.282476
2.529968e+00	0.283532
2.543946e+00	0.284587
2.557923e+00	0.285640
2.571901e+00	0.286692
2.585879e+00	0.287742
2.599857e+00	0.288790
2.613835e+00	0.289836
2.627813e+00	0.290882
2.641791e+00	0.291925
2.655768e+00	0.292967
2.669746e+00	0.294007
2.683724e+00	0.295046
2.697702e+00	0.296084
2.711680e+00	0.297120
2.725658e+00	0.298154
2.739635e+00	0.299187
2.753613e+00	0.300218
2.767591e+00	0.301248
2.781569e+00	0.302277
2.795547e+00	0.303304
2.809525e+00	0.304330
2.823503e+00	0.305354
2.837480e+00	0.306377
2.851458e+00	0.307398
2.865436e+00	0.308419
2.879414e+00	0.309437
2.893392e+00	0.310455
2.907370e+00	0.311471
2.921347e+00	0.312486
2.935325e+00	0.313499
2.949303e+00	0.314511
2.963281e+00	0.315522
2.977259e+00	0.316532
2.991237e+00	0.317540
3.005214e+00	0.318547
3.019192e+00	0.319553
3.033170e+00	0.320557
3.047148e+00	0.321560
3.061126e+00	0.322562
3.075104e+00	0.323563
3.089082e+00	0.324563
3.103059e+00	0.325561
3.117037e+00	0.326559
3.131015e+00	0.327555
3.144993e+00	0.328550
3.158971e+00	0.329543
3.172949e+00	0.330536
3.186926e+00	0.331527
3.200904e+00	0.332518
3.214882e+00	0.333507
3.228860e+00	0.334495
3.242838e+00	0.335482
3.256816e+00	0.336468
3.270794e+00	0.337452
3.284771e+00	0.338436
3.298749e+00	0.339419
3.312727e+00	0.340400
3.326705e+00	0.341381
3.340683e+00	0.342360
3.354661e+00	0.343339
3.368638e+00	0.344316
3.382616e+00	0.345292
3.396594e+00	0.346268
3.410572e+00	0.347242
3.424550e+00	0.348215
3.438528e+00	0.349188
3.452506e+00	0.350159
3.466483e+00	0.351129
3.480461e+00	0.352099
3.494439e+00	0.353067
3.508417e+00	0.354035
3.522395e+00	0.355001
3.536373e+00	0.355967
3.550350e+00	0.356932
3.564328e+00	0.357895
3.578306e+00	0.358858
3.592284e+00	0.359820
3.606262e+00	0.360781
3.620240e+00	0.361741
3.634217e+00	0.362700
3.648195e+00	0.363659
3.662173e+00	0.364616
3.676151e+00	0.365573
3.690129e+00	0.366528
3.704107e+00	0.367483
3.718085e+00	0.368437
3.732062e+00	0.369390
3.746040e+00	0.370343
3.760018e+00	0.371294
3.773996e+00	0.372245
3.787974e+00	0.373195
3.801952e+00	0.374144
3.815929e+00	0.375092
3.829907e+00	0.376039
3.843885e+00	0.376986
3.857863e+00	0.377931
3.871841e+00	0.378876
3.885819e+00	0.379821
3.899797e+00	0.380764
3.913774e+00	0.381707
3.927752e+00	0.382649
3.941730e+00	0.383590
3.955708e+00	0.384530
3.969686e+00	0.385470
3.983664e+00	0.386409
3.997641e+00	0.387347
4.011619e+00	0.388285
4.025597e+00	0.389221
4.039575e+00	0.390157
4.053553e+00	0.391093
4.067531e+00	0.392027
4.081509e+00	0.392961
4.095486e+00	0.393894
4.109464e+00	0.394827
4.123442e+00	0.395759
4.137420e+00	0.396690
4.151398e+00	0.397620
4.165376e+00	0.398550
4.179353e+00	0.399479
4.193331e+00	0.400408
4.207309e+00	0.401336
4.221287e+00	0.402263
4.235265e+00	0.403189
4.249243e+00	0.404115
4.263220e+00	0.405041
4.277198e+00	0.405965
4.291176e+00	0.406889
4.305154e+00	0.407812
4.319132e+00	0.408735
4.333110e+00	0.409657
4.347088e+00	0.410579
4.361065e+00	0.411500
4.375043e+00	0.412420
4.389021e+00	0.413340
4.402999e+00	0.414259
4.416977e+00	0.415178
4.430955e+00	0.416096
4.444932e+00	0.417013
4.458910e+00	0.417930
4.472888e+00	0.418846
4.486866e+00	0.419762
4.500844e+00	0.420677
4.514822e+00	0.421592
4.528800e+00	0.422506
4.542777e+00	0.423419
4.556755e+00	0.424332
4.570733e+00	0.425245
4.584711e+00	0.426157
4.598688e+00	0.427068
4.612666e+00	0.427979
4.626643e+00	0.428889
4.640621e+00	0.429799
4.654598e+00	0.430708
4.668576e+00	0.431617
4.682554e+00	0.432525
4.696531e+00	0.433433
4.710509e+00	0.434341
4.724486e+00	0.435247
4.738464e+00	0.436154
4.752442e+00	0.437059
4.766419e+00	0.437965
4.780397e+00	0.438870
4.794374e+00	0.439774
4.808352e+00	0.440678
4.822329e+00	0.441582
4.836307e+00	0.442485
4.850285e+00	0.443387
4.864262e+00	0.444289
4.878240e+00	0.445191
4.892217e+00	0.446092
4.906195e+00	0.446993
4.920172e+00	0.447893
4.934150e+00	0.448793
4.948128e+00	0.449693
4.962105e+00	0.450592
4.976083e+00	0.451490
4.990060e+00	0.452389
5.004038e+00	0.453286
5.018015e+00	0.454184
5.031993e+00	0.455081
5.045971e+00	0.455977
5.059948e+00	0.456874
5.073926e+00	0.457769
5.087903e+00	0.458665
5.101881e+00	0.459560
5.115858e+00	0.460454
5.129836e+00	0.461348
5.143814e+00	0.462242
5.157791e+00	0.463136
5.171769e+00	0.464029
5.185746e+00	0.464921
5.199724e+00	0.465814
5.213701e+00	0.466706
5.227679e+00	0.467597
5.241657e+00	0.468489
5.255634e+00	0.469379
5.269612e+00	0.470270
5.283589e+00	0.471160
5.297567e+00	0.472050
5.311544e+00	0.472939
5.325522e+00	0.473829
5.339500e+00	0.474717
5.353477e+00	0.475606
5.367455e+00	0.476494
5.381432e+00	0.477382
5.395410e+00	0.478269
5.409387e+00	0.479157
5.423365e+00	0.480044
5.437343e+00	0.480930
5.451320e+00	0.481816
5.465298e+00	0.482702
5.479275e+00	0.483588
5.493253e+00	0.484473
5.507230e+00	0.485358
5.521208e+00	0.486243
5.535186e+00	0.487127
5.549163e+00	0.488012
5.563141e+00	0.488895
5.577118e+00	0.489779
5.591096e+00	0.490662
5.605073e+00	0.491545
5.619051e+00	0.492428
5.633029e+00	0.493310
5.647006e+00	0.494193
5.660984e+00	0.495074
5.674961e+00	0.495956
5.688939e+00	0.496837
5.702916e+00	0.497719
5.716894e+00	0.498599
5.730872e+00	0.499480
5.744849e+00	0.500360
5.758827e+00	0.501241
5.772804e+00	0.502120
5.786782e+00	0.503000
5.800759e+00	0.503880
5.814737e+00	0.504759
5.828715e+00	0.505638
5.842692e+00	0.506516
5.856670e+00	0.507395
5.870647e+00	0.508273
5.884625e+00	0.509151
5.898602e+00	0.510029
5.912580e+00	0.510906
5.926558e+00	0.511784
5.940535e+00	0.512661
5.954513e+00	0.513538
5.968490e+00	0.514414
5.982468e+00	0.515291
5.996445e+00	0.516167
6.010423e+00	0.517043
6.024401e+00	0.517919
6.038378e+00	0.518795
6.052356e+00	0.519670
6.066333e+00	0.520546
6.080311e+00	0.521421
6.094288e+00	0.522296
6.108266e+00	0.523170
6.122244e+00	0.524045
6.136221e+00	0.524919
6.150199e+00	0.525794
6.164176e+00	0.526668
6.178154e+00	0.527542
6.192131e+00	0.528415
6.206109e+00	0.529289
6.220087e+00	0.530162
6.234064e+00	0.531035
6.248042e+00	0.531908
6.262019e+00	0.532781
6.275997e+00	0.533654
6.289974e+00	0.534527
6.303952e+00	0.535399
6.317930e+00	0.536271
6.331907e+00	0.537143
6.345885e+00	0.538015
6.359862e+00	0.538887
6.373840e+00	0.539759
6.387817e+00	0.540630
6.401795e+00	0.541502
6.415773e+00	0.542373
6.429750e+00	0.543244
6.443728e+00	0.544115
6.457705e+00	0.544986
6.471683e+00	0.545857
6.485660e+00	0.546728
6.499638e+00	0.547598
6.513616e+00	0.548469
6.527593e+00	0.549339
6.541571e+00	0.550209
6.555548e+00	0.551079
6.569526e+00	0.551949
6.583503e+00	0.552819
6.597481e+00	0.553689
6.611459e+00	0.554559
6.625436e+00	0.555428
6.639414e+00	0.556298
6.653391e+00	0.557167
6.667369e+00	0.558036
6.681346e+00	0.558905
6.695324e+00	0.559775
6.709302e+00	0.560644
6.723279e+00	0.561512
6.737257e+00	0.562381
6.751234e+00	0.563250
6.765212e+00	0.564119
6.779189e+00	0.564987
6.793167e+00	0.565856
6.807145e+00	0.566724
6.821122e+00	0.567593
6.835100e+00	0.568461
6.849077e+00	0.569329
6.863055e+00	0.570198
6.877032e+00	0.571066
6.891010e+00	0.571934
6.904988e+00	0.572802
6.918965e+00	0.573670
6.932943e+00	0.574538
6.946920e+00	0.575406
6.960898e+00	0.576273
6.974875e+00	0.577141
6.988853e+00	0.578009
7.002831e+00	0.578877
7.016808e+00	0.579744
7.030786e+00	0.580612
7.044763e+00	0.581479
7.058741e+00	0.582347
7.072718e+00	0.583214
7.086696e+00	0.584082
7.100674e+00	0.584949
7.114651e+00	0.585817
7.128629e+00	0.586684
7.142606e+00	0.587551
7.156584e+00	0.588418
7.170561e+00	0.589286
7.184539e+00	0.590153
7.198517e+00	0.591020
7.212494e+00	0.591888
7.226472e+00	0.592755
7.240449e+00	0.593622
7.254427e+00	0.594489
7.268404e+00	0.595356
7.282382e+00	0.596224
7.296360e+00	0.597091
7.310337e+00	0.597958
7.324315e+00	0.598825
7.338292e+00	0.599692
7.352270e+00	0.600559
7.366247e+00	0.601427
7.380225e+00	0.602294
7.394203e+00	0.603161
7.408180e+00	0.604028
7.422158e+00	0.604895
7.436135e+00	0.605763
7.450113e+00	0.606630
7.464090e+00	0.607497
7.478068e+00	0.608365
7.492046e+00	0.609232
7.506023e+00	0.610099
7.520001e+00	0.610967
7.533978e+00	0.611834
7.547956e+00	0.612701
7.561933e+00	0.613569
7.575911e+00	0.614436
7.589889e+00	0.615304
7.603866e+00	0.616171
7.617844e+00	0.617039
7.631821e+00	0.617906
7.645799e+00	0.618774
7.659776e+00	0.619642
7.673754e+00	0.620509
7.687732e+00	0.621377
7.701709e+00	0.622245
7.715687e+00	0.623113
7.729664e+00	0.623981
7.743642e+00	0.624849
7.757619e+00	0.625717
7.771597e+00	0.626585
7.785575e+00	0.627453
7.799552e+00	0.628321
7.813530e+00	0.629189
7.827507e+00	0.630058
7.841485e+00	0.630926
7.855463e+00	0.631795
7.869440e+00	0.632663
7.883418e+00	0.633532
7.897395e+00	0.634400
7.911373e+00	0.635269
7.925350e+00	0.636138
7.939328e+00	0.637007
7.953306e+00	0.637876
7.967283e+00	0.638745
7.981261e+00	0.639614
7.995238e+00	0.640483
8.009216e+00	0.641352
8.023193e+00	0.642222
8.037171e+00	0.643091
8.051149e+00	0.643961
8.065126e+00	0.644830
8.079104e+00	0.645700
8.093081e+00	0.646570
8.107059e+00	0.647440
8.121036e+00	0.648310
8.135014e+00	0.649180
8.148992e+00	0.650050
8.162969e+00	0.650920
8.176947e+00	0.651790
8.190924e+00	0.652661
8.204902e+00	0.653532
8.218879e+00	0.654402
8.232857e+00	0.655273
8.246835e+00	0.656144
8.260812e+00	0.657015
8.274790e+00	0.657886
8.288767e+00	0.658757
8.302745e+00	0.659629
8.316722e+00	0.660500
8.330700e+00	0.661372
8.344678e+00	0.662243
8.358655e+00	0.663115
8.372633e+00	0.663987
8.386610e+00	0.664859
8.400588e+00	0.665732
8.414565e+00	0.666604
8.428543e+00	0.667476
8.442521e+00	0.668349
8.456498e+00	0.669222
8.470476e+00	0.670095
8.484453e+00	0.670968
8.498431e+00	0.671841
8.512408e+00	0.672714
8.526386e+00	0.673587
8.540364e+00	0.674461
8.554341e+00	0.675335
8.568319e+00	0.676209
8.582296e+00	0.677083
8.596274e+00	0.677957
8.610251e+00	0.678831
8.624229e+00	0.679705
8.638207e+00	0.680580
8.652184e+00	0.681455
8.666162e+00	0.682330
8.680139e+00	0.683205
8.694117e+00	0.684080
8.708094e+00	0.684955
8.722072e+00	0.685831
8.736050e+00	0.686706
8.750027e+00	0.687582
8.764005e+00	0.688458
8.777982e+00	0.689335
8.791960e+00	0.690211
8.805937e+00	0.691087
8.819915e+00	0.691964
8.833893e+00	0.692841
8.847870e+00	0.693718
8.861848e+00	0.694595
8.875825e+00	0.695472
8.889803e+00	0.696350
8.903780e+00	0.697228
8.917758e+00	0.698106
8.931736e+00	0.698984
8.945713e+00	0.699862
8.959691e+00	0.700741
8.973668e+00	0.701619
8.987646e+00	0.702498
9.001623e+00	0.703377
9.015601e+00	0.704256
9.029579e+00	0.705136
9.043556e+00	0.706015
9.057534e+00	0.706895
9.071511e+00	0.707775
9.085489e+00	0.708655
9.099466e+00	0.709535
9.113444e+00	0.710416
9.127422e+00	0.711297
9.141400e+00	0.712178
9.155378e+00	0.713059
9.169356e+00	0.713940
9.183334e+00	0.714822
9.197312e+00	0.715704
9.211290e+00	0.716586
9.225268e+00	0.717468
9.239246e+00	0.718350
9.253225e+00	0.719233
9.267203e+00	0.720116
9.281181e+00	0.720999
9.295159e+00	0.721882
9.309137e+00	0.722766
9.323115e+00	0.723649
9.337093e+00	0.724533
9.351071e+00	0.725417
9.365050e+00	0.726302
9.379028e+00	0.727186
9.393006e+00	0.728071
9.406984e+00	0.728956
9.420962e+00	0.729841
9.434940e+00	0.730727
9.448918e+00	0.731613
9.462896e+00	0.732499
9.476874e+00	0.733385
9.490853e+00	0.734271
9.504831e+00	0.735158
9.518809e+00	0.736045
9.532787e+00	0.736932
9.546765e+00	0.737819
9.560743e+00	0.738707
9.574721e+00	0.739595
9.588699e+00	0.740483
9.602678e+00	0.741371
9.616656e+00	0.742260
9.630634e+00	0.743149
9.644612e+00	0.744038
9.658590e+00	0.744927
9.672568e+00	0.745817
9.686546e+00	0.746707
9.700524e+00	0.747597
9.714502e+00	0.748487
9.728481e+00	0.749378
9.742459e+00	0.750269
9.756437e+00	0.751160
9.770415e+00	0.752051
9.784393e+00	0.752943
9.798371e+00	0.753835
9.812349e+00	0.754727
9.826327e+00	0.755619
9.840306e+00	0.756512
9.854284e+00	0.757405
9.868262e+00	0.758298
9.882240e+00	0.759192
9.896218e+00	0.760086
9.910196e+00	0.760980
9.924174e+00	0.761874
9.938152e+00	0.762769
9.952130e+00	0.763663
9.966109e+00	0.764559
9.980087e+00	0.765454
9.994065e+00	0.766350
1.000804e+01	0.767246
1.002202e+01	0.768142
1.003600e+01	0.769039
1.004998e+01	0.769935
1.006396e+01	0.770833
1.007793e+01	0.771730
1.009191e+01	0.772628
1.010589e+01	0.773526
1.011987e+01	0.774424
1.013385e+01	0.775323
1.014782e+01	0.776222
1.016180e+01	0.777121
1.017578e+01	0.778020
1.018976e+01	0.778920
1.020374e+01	0.779820
1.021771e+01	0.780721
1.023169e+01	0.781621
1.024567e+01	0.782522
1.025965e+01	0.783423
1.027363e+01	0.784325
1.028761e+01	0.785227
1.030158e+01	0.786129
1.031556e+01	0.787032
1.032954e+01	0.787934
1.034352e+01	0.788838
1.035750e+01	0.789741
1.037147e+01	0.790645
1.038545e+01	0.791549
1.039943e+01	0.792453
1.041341e+01	0.793358
1.042739e+01	0.794263
1.044136e+01	0.795168
1.045534e+01	0.796074
1.046932e+01	0.796980
1.048330e+01	0.797886
1.049728e+01	0.798793
1.051126e+01	0.799699
1.052523e+01	0.800607
1.053921e+01	0.801514
1.055319e+01	0.802422
1.056717e+01	0.803330
1.058115e+01	0.804239
1.059512e+01	0.805148
1.060910e+01	0.806057
1.062308e+01	0.806967
1.063706e+01	0.807877
1.065104e+01	0.808787
1.066501e+01	0.809697
1.067899e+01	0.810608
1.069297e+01	0.811520
1.070695e+01	0.812431
1.072093e+01	0.813343
1.073490e+01	0.814255
1.074888e+01	0.815168
1.076286e+01	0.816081
1.077684e+01	0.816994
1.079082e+01	0.817908
1.080480e+01	0.818822
1.081877e+01	0.819736
1.083275e+01	0.820651
1.084673e+01	0.821566
1.086071e+01	0.822481
1.087469e+01	0.823397
1.088866e+01	0.824313
1.090264e+01	0.825230
1.091662e+01	0.826146
1.093060e+01	0.827064
1.094458e+01	0.827981
1.095855e+01	0.828899
1.097253e+01	0.829817
1.098651e+01	0.830736
1.100049e+01	0.831655
1.101447e+01	0.832574
1.102845e+01	0.833494
1.104242e+01	0.834414
1.105640e+01	0.835335
1.107038e+01	0.836255
1.108436e+01	0.837177
1.109834e+01	0.838098
1.111231e+01	0.839020
1.112629e+01	0.839943
1.114027e+01	0.840865
1.115425e+01	0.841788
1.116823e+01	0.842712
1.118220e+01	0.843636
1.119618e+01	0.844560
1.121016e+01	0.845484
1.122414e+01	0.846409
1.123812e+01	0.847335
1.125210e+01	0.848260
1.126607e+01	0.849187
1.128005e+01	0.850113
1.129403e+01	0.851040
1.130801e+01	0.851967
1.132199e+01	0.852895
1.133596e+01	0.853823
1.134994e+01	0.854751
1.136392e+01	0.855680
1.137790e+01	0.856610
1.139188e+01	0.857539
1.140585e+01	0.858469
1.141983e+01	0.859400
1.143381e+01	0.860330
1.144779e+01	0.861262
1.146177e+01	0.862193
1.147575e+01	0.863125
1.148972e+01	0.864058
1.150370e+01	0.864991
1.151768e+01	0.865924
1.153166e+01	0.866857
1.154564e+01	0.867792
1.155961e+01	0.868726
1.157359e+01	0.869661
1.158757e+01	0.870596
1.160155e+01	0.871532
1.161553e+01	0.872468
1.162950e+01	0.873405
1.164348e+01	0.874341
1.165746e+01	0.875279
1.167144e+01	0.876217
1.168542e+01	0.877155
1.169940e+01	0.878093
1.171337e+01	0.879032
1.172735e+01	0.879972
1.174133e+01	0.880912
1.175531e+01	0.881852
1.176929e+01	0.882793
1.178326e+01	0.883734
1.179724e+01	0.884675
1.181122e+01	0.885617
1.182520e+01	0.886560
1.183918e+01	0.887503
1.185315e+01	0.888446
1.186713e+01	0.889390
1.188111e+01	0.890334
1.189509e+01	0.891278
1.190907e+01	0.892223
1.192304e+01	0.893169
1.193702e+01	0.894115
1.195100e+01	0.895061
1.196498e+01	0.896008
1.197896e+01	0.896955
1.199294e+01	0.897903
1.200691e+01	0.898851
1.202089e+01	0.899799
1.203487e+01	0.900748
1.204885e+01	0.901698
1.206283e+01	0.902648
1.207680e+01	0.903598
1.209078e+01	0.904549
1.210476e+01	0.905500
1.211874e+01	0.906452
1.213272e+01	0.907404
1.214669e+01	0.908356
1.216067e+01	0.909309
1.217465e+01	0.910263
1.218863e+01	0.911217
1.220261e+01	0.912171
1.221659e+01	0.913126
1.223056e+01	0.914082
1.224454e+01	0.915037
1.225852e+01	0.915994
1.227250e+01	0.916950
1.228648e+01	0.917907
1.230045e+01	0.918865
1.231443e+01	0.919823
1.232841e+01	0.920782
1.234239e+01	0.921741
1.235637e+01	0.922700
1.237034e+01	0.923660
1.238432e+01	0.924621
1.239830e+01	0.925582
1.241228e+01	0.926543
1.242626e+01	0.927505
1.244024e+01	0.928467
1.245421e+01	0.929430
1.246819e+01	0.930393
1.248217e+01	0.931357
1.249615e+01	0.932321
1.251013e+01	0.933286
1.252410e+01	0.934251
1.253808e+01	0.935217
1.255206e+01	0.936183
1.256604e+01	0.937150
1.258002e+01	0.938117
1.259399e+01	0.939084
1.260797e+01	0.940052
1.262195e+01	0.941021
1.263593e+01	0.941990
1.264991e+01	0.942960
1.266389e+01	0.943930
1.267786e+01	0.944900
1.269184e+01	0.945871
1.270582e+01	0.946843
1.271980e+01	0.947815
1.273378e+01	0.948788
1.274775e+01	0.949761
1.276173e+01	0.950734
1.277571e+01	0.951708
1.278969e+01	0.952683
1.280367e+01	0.953658
1.281764e+01	0.954633
1.283162e+01	0.955609
1.284560e+01	0.956586
1.285958e+01	0.957563
1.287356e+01	0.958541
1.288753e+01	0.959519
1.290151e+01	0.960497
1.291549e+01	0.961476
1.292947e+01	0.962456
1.294345e+01	0.963436
1.295743e+01	0.964417
1.297140e+01	0.965398
1.298538e+01	0.966379
1.299936e+01	0.967362
1.301334e+01	0.968344
1.302732e+01	0.969328
1.304129e+01	0.970311
1.305527e+01	0.971295
1.306925e+01	0.972280
1.308323e+01	0.973266
1.309721e+01	0.974251
1.311118e+01	0.975238
1.312516e+01	0.976225
1.313914e+01	0.977212
1.315312e+01	0.978200
1.316710e+01	0.979188
1.318108e+01	0.980177
1.319505e+01	0.981167
1.320903e+01	0.982157
1.322301e+01	0.983147
1.323699e+01	0.984138
1.325097e+01	0.985130
1.326494e+01	0.986122
1.327892e+01	0.987115
1.329290e+01	0.988108
1.330688e+01	0.989102
1.332086e+01	0.990096
1.333483e+01	0.991091
1.334881e+01	0.992087
1.336279e+01	0.993083
1.337677e+01	0.994079
1.339075e+01	0.995076
1.340473e+01	0.996074
1.341870e+01	0.997072
1.343268e+01	0.998070
1.344666e+01	0.999070
1.346064e+01	1.000069
